DatasetDict({
    train: Dataset({
        features: ['label', 'input_ids', 'token_type_ids', 'attention_mask'],
        num_rows: 120000
    })
    test: Dataset({
        features: ['label', 'input_ids', 'token_type_ids', 'attention_mask'],
        num_rows: 7600
    })
})
{'label': 2, 'input_ids': [101, 2813, 2358, 1012, 6468, 15020, 2067, 2046, 1996, 2304, 1006, 26665, 1007, 26665, 1011, 2460, 1011, 19041, 1010, 2813, 2395, 1005, 1055, 1040, 11101, 2989, 1032, 2316, 1997, 11087, 1011, 102], 'token_type_ids': [0, 0, 0, 0, 0, 0, 0, 0, 0, 0, 0, 0, 0, 0, 0, 0, 0, 0, 0, 0, 0, 0, 0, 0, 0, 0, 0, 0, 0, 0, 0, 0], 'attention_mask': [1, 1, 1, 1, 1, 1, 1, 1, 1, 1, 1, 1, 1, 1, 1, 1, 1, 1, 1, 1, 1, 1, 1, 1, 1, 1, 1, 1, 1, 1, 1, 1]}
first:
{'input_ids': tensor([[  101, 10069,  2005,  ..., 24848,  1012,   102],
        [  101,  1996,  2679,  ...,  1011,  1037,   102],
        [  101, 18712,  1012,  ...,  3946,  2000,   102],
        ...,
        [  101,  9835,  1001,  ...,  9857,  2019,   102],
        [  101, 23680,  8017,  ...,  1997,  1996,   102],
        [  101,  5712,  2177,  ...,  2072,  2194,   102]]), 'token_type_ids': tensor([[0, 0, 0,  ..., 0, 0, 0],
        [0, 0, 0,  ..., 0, 0, 0],
        [0, 0, 0,  ..., 0, 0, 0],
        ...,
        [0, 0, 0,  ..., 0, 0, 0],
        [0, 0, 0,  ..., 0, 0, 0],
        [0, 0, 0,  ..., 0, 0, 0]]), 'attention_mask': tensor([[1, 1, 1,  ..., 1, 1, 1],
        [1, 1, 1,  ..., 1, 1, 1],
        [1, 1, 1,  ..., 1, 1, 1],
        ...,
        [1, 1, 1,  ..., 1, 1, 1],
        [1, 1, 1,  ..., 1, 1, 1],
        [1, 1, 1,  ..., 1, 1, 1]]), 'labels': tensor([2, 3, 3, 3, 3, 3, 3, 3, 3, 3, 3, 3, 3, 3, 3, 3, 3, 3, 3, 3, 3, 3, 3, 3,
        3, 3, 1, 1, 1, 1, 1, 1, 0, 0, 0, 0, 0, 0, 0, 0, 1, 2, 0, 3, 1, 1, 0, 3,
        0, 1, 0, 1, 0, 3, 2, 3, 0, 0, 2, 2, 1, 1, 1, 3, 0, 3, 0, 0, 1, 0, 3, 3,
        3, 0, 3, 1, 0, 1, 0, 0, 0, 1, 2, 2, 0, 0, 2, 0, 0, 3, 0, 2, 3, 2, 1, 1,
        1, 2, 0, 2, 1, 2, 3, 2, 0, 1, 0, 1, 0, 3, 2, 3, 3, 3, 3, 1, 3, 3, 2, 1,
        0, 1, 3, 0, 3, 2, 1, 1, 1, 0, 0, 0, 1, 0, 1, 1, 0, 1, 1, 0, 1, 0, 1, 0,
        0, 0, 1, 2, 1, 1, 1, 0, 1, 0, 0, 0, 2, 1, 1, 0, 1, 2, 3, 0, 0, 2, 2, 2,
        1, 0, 3, 3, 2, 3, 0, 0, 3, 1, 3, 1, 2, 1, 1, 3, 2, 0, 3, 0, 1, 3, 3, 0,
        0, 0, 2, 2, 0, 1, 2, 1, 3, 3, 3, 0, 1, 1, 1, 3, 1, 3, 1, 0, 1, 1, 1, 3,
        2, 2, 3, 1, 1, 0, 2, 1, 2, 2, 0, 1, 2, 0, 1, 1, 2, 3, 2, 1, 2, 1, 0, 2,
        3, 1, 1, 3, 2, 2, 3, 3, 3, 0, 2, 0, 1, 2, 2, 3, 2, 3, 3, 3, 1, 0, 3, 3,
        3, 3, 1, 3, 1, 1, 1, 0, 2, 3, 1, 3, 3, 1, 2, 3, 2, 1, 1, 3, 1, 0, 0, 2,
        2, 1, 1, 3, 3, 3, 1, 0, 0, 3, 1, 2, 1, 2, 2, 2, 2, 1, 3, 3, 1, 2, 2, 1,
        3, 2, 2, 0, 0, 2, 1, 2, 2, 0, 1, 3, 1, 3, 0, 0, 3, 2, 3, 1, 0, 0, 1, 0,
        2, 2, 1, 1, 3, 1, 0, 1, 1, 3, 3, 1, 0, 2, 1, 0, 0, 1, 0, 0, 1, 2, 1, 1,
        1, 0, 2, 0, 0, 3, 1, 2, 0, 0, 1, 0, 0, 1, 1, 3, 1, 1, 2, 0, 1, 1, 3, 1,
        2, 1, 1, 1, 0, 0, 0, 1, 0, 0, 0, 1, 1, 3, 1, 2, 3, 1, 0, 0, 0, 2, 2, 2,
        2, 1, 2, 1, 0, 0, 0, 1, 1, 2, 2, 0, 0, 1, 2, 3, 3, 0, 2, 2, 3, 3, 0, 1,
        1, 2, 2, 3, 2, 2, 3, 3, 2, 3, 0, 2, 0, 3, 3, 3, 2, 2, 0, 0, 2, 3, 3, 1,
        2, 3, 1, 2, 1, 1, 3, 1, 0, 3, 2, 2, 3, 1, 0, 3, 0, 2, 1, 3, 1, 3, 0, 2,
        3, 2, 2, 3, 2, 2, 1, 2, 2, 1, 1, 3, 1, 2, 2, 1, 2, 0, 1, 3, 3, 1, 1, 0,
        0, 0, 0, 3, 2, 3, 3, 0, 3, 0, 0, 1, 0, 2, 3, 1, 2, 0, 2, 0, 0, 0, 3, 0,
        0, 0, 1, 3, 3, 3, 2, 2, 3, 3, 1, 3, 1, 0, 0, 3, 1, 3, 2, 1, 3, 2, 0, 0,
        0, 1, 3, 3, 3, 3, 3, 3, 3, 0, 2, 3, 1, 0, 0, 3, 3, 1, 3, 2, 3, 3, 0, 2,
        1, 3, 3, 0, 1, 3, 2, 1, 0, 2, 3, 3, 3, 2, 0, 2, 3, 0, 3, 0, 3, 3, 2, 0,
        2, 2, 3, 2, 1, 0, 0, 3, 1, 1, 1, 0, 0, 0, 0, 2, 3, 0, 0, 2, 2, 2, 3, 3,
        3, 0, 0, 3, 2, 1, 3, 1, 3, 3, 2, 3, 3, 1, 1, 0])}
classifier.weight in model and cls.predictions.bias in pretrained_weights unpaired!
classifier.bias in model and cls.predictions.transform.dense.weight in pretrained_weights unpaired!
weight loaded!
The Config is:
BertConfig {
  "architectures": [
    "BertForMaskedLM"
  ],
  "attention_probs_dropout_prob": 0.1,
  "batch_size": 640,
  "block_size_attention_output": 2,
  "block_size_intermediate": 2,
  "block_size_output": 2,
  "block_size_selfattention": 2,
  "cir_attention_output": true,
  "cir_intermediate": true,
  "cir_output": true,
  "cir_selfattention": true,
  "classifier_dropout": null,
  "dataset": "agnews",
  "device": 4,
  "gradient_checkpointing": false,
  "hidden_act": "gelu",
  "hidden_dropout_prob": 0.1,
  "hidden_size": 768,
  "id2label": {
    "0": "LABEL_0",
    "1": "LABEL_1",
    "2": "LABEL_2",
    "3": "LABEL_3"
  },
  "initializer_range": 0.02,
  "intermediate_size": 3072,
  "label2id": {
    "LABEL_0": 0,
    "LABEL_1": 1,
    "LABEL_2": 2,
    "LABEL_3": 3
  },
  "layer_norm_eps": 1e-12,
  "lr": 2e-05,
  "max_length": 32,
  "max_position_embeddings": 512,
  "model_type": "bert",
  "num_attention_heads": 12,
  "num_epochs": 2,
  "num_hidden_layers": 12,
  "pad_token_id": 0,
  "position_embedding_type": "absolute",
  "seed": 42,
  "transformers_version": "4.36.2",
  "type_vocab_size": 2,
  "use_cache": true,
  "vocab_size": 30522
}

--------------------
Epoch 1/2, Train Loss: 0.7506, Val Loss: 0.0006, Val Acc: 87.66%
